0 0.9995907545089722 576 712 83 72
0 0.9995178580284119 868 382 79 51
0 0.9992643594741821 803 80 104 113
0 0.9988855123519897 396 449 130 59
0 0.998576283454895 427 92 107 66
0 0.998531699180603 320 801 78 59
0 0.9975161552429199 729 585 76 90
0 0.9973546862602234 253 1 171 96
0 0.9970839023590088 131 166 57 92
0 0.996839165687561 685 408 71 50
0 0.9964717030525208 719 395 98 87
0 0.9960743188858032 117 123 136 62
0 0.9949675798416138 824 241 109 38
0 0.9946172833442688 247 663 111 38
0 0.9943228363990784 107 915 95 109
0 0.9936880469322205 663 138 108 42
0 0.9930202960968018 425 175 108 66
0 0.9927417039871216 270 879 230 47
0 0.9926294684410095 127 256 127 37
0 0.991193950176239 851 468 93 34
0 0.9903721213340759 575 155 120 32
0 0.9894239902496338 52 424 154 69
0 0.989141047000885 700 486 84 59
0 0.9868711829185486 596 644 92 37
0 0.9859561324119568 403 285 115 32
0 0.9843599200248718 781 522 150 42
0 0.984231173992157 614 921 126 55
0 0.9839102029800415 416 548 80 40
0 0.982896625995636 631 526 134 62
0 0.9824141263961792 427 819 90 44
0 0.9821974635124207 344 968 84 56
0 0.981647789478302 773 641 85 33
0 0.9796633124351501 1 595 160 46
0 0.9784604907035828 307 579 110 34
0 0.9767090678215027 924 836 97 43
0 0.9738742709159851 557 891 49 47
0 0.9734602570533752 296 336 112 30
0 0.9701717495918274 239 556 74 40
0 0.9682055115699768 167 409 189 75
0 0.9652618765830994 88 409 111 43
0 0.9567192196846008 204 931 168 90
0 0.9547068476676941 945 925 79 31
0 0.9492982625961304 84 685 127 43
0 0.9485486745834351 1 831 72 51
0 0.94810551404953 240 522 76 30
0 0.9437525868415833 986 531 38 56
0 0.9333585500717163 97 12 104 28
0 0.9248318672180176 200 188 145 37
0 0.9231410622596741 65 662 99 92
0 0.9197599291801453 962 202 62 34
0 0.8944833874702454 293 409 52 39
0 0.8928697109222412 688 203 127 35
0 0.891275942325592 168 992 83 32
0 0.8843660354614258 478 992 60 32
0 0.8817944526672363 1 26 83 95
0 0.877785861492157 644 789 139 34
0 0.8756797909736633 869 889 49 30
0 0.8682451248168945 428 215 97 32
0 0.8487012982368469 123 653 117 32
0 0.8174310922622681 335 228 114 39
0 0.8101857900619507 817 908 50 113
0 0.8012258410453796 127 814 95 54
0 0.7975074648857117 960 676 63 98
0 0.7918452024459839 938 81 87 88
0 0.7904478311538696 743 885 106 86
0 0.7805380821228027 201 842 105 42
0 0.7790570855140686 1 92 34 54
0 0.7383257746696472 334 255 100 28
0 0.7171458005905151 2 572 62 47
0 0.7079330086708069 839 846 106 39
0 0.6565776467323303 536 16 90 20
0 0.6401873826980591 374 572 89 27
0 0.5687049031257629 0 315 29 57
0 0.4786897301673889 993 963 30 44
0 0.46246159076690674 850 942 50 41
0 0.4478704631328583 783 898 87 111
0 0.4227985441684723 745 983 77 40
0 0.3404484689235687 100 2 138 18
0 0.23465807735919952 723 926 61 23
0 0.20249906182289124 0 363 17 45
