12 2 580 59 43
12 120 654 126 27
12 162 989 46 35
12 102 0 141 19
12 962 679 60 66
12 576 158 125 32
12 259 886 233 42
12 57 425 153 66
12 787 522 141 49
12 693 207 126 31
12 128 809 104 63
12 342 966 63 58
12 720 398 99 82
12 96 15 102 28
12 947 933 77 21
12 243 558 79 37
12 488 998 44 24
12 430 94 119 65
12 91 410 122 42
12 200 931 152 93
12 555 897 48 39
12 805 79 104 118
12 398 451 126 55
12 248 667 108 34
12 868 893 69 26
12 856 471 91 32
12 728 896 125 33
12 703 487 77 55
12 686 409 71 51
12 86 688 125 45
12 427 212 82 32
12 0 832 69 34
12 120 124 133 60
12 963 208 61 21
12 937 844 87 36
12 237 527 79 26
12 775 641 81 30
12 319 804 75 58
12 647 794 129 29
12 323 230 115 26
12 577 715 81 75
12 731 929 48 20
12 202 843 106 43
12 10 593 160 45
12 724 584 74 94
12 833 843 147 46
12 135 163 53 97
12 428 824 90 38
12 944 79 80 106
12 126 259 132 39
12 417 554 83 33
12 600 920 153 52
12 421 173 121 67
12 828 907 50 114
12 1 52 86 73
12 595 647 95 31
12 260 1 165 101
12 828 241 112 47
12 105 912 92 112
12 205 187 136 34
12 987 536 37 49
12 297 339 114 30
12 869 383 79 51
12 408 288 106 28
12 65 663 101 96
12 162 409 203 73
12 664 137 113 50
12 748 872 106 116
12 634 531 125 56
12 537 14 99 20
12 761 936 137 86
12 339 257 95 22
